train_time: 1.2398757934570312
predict_time: 8.082389831542969e-05
accuracy: 0.2702702702702703
f1: 0.19796296296296295
precision: 0.24861111111111112
recall: 0.25997023809523806
auc: 0.6086823871685142
