train_time: 2.5518665313720703
predict_time: 9.751319885253906e-05
accuracy: 0.5956284153005464
f1: 0.3884416414787259
precision: 0.413655462184874
recall: 0.3853276353276353
auc: 0.7572233747434346
