train_time: 1.363365650177002
predict_time: 0.003599405288696289
accuracy: 0.4972677595628415
f1: 0.2230392156862745
precision: 0.19569892473118278
recall: 0.25925925925925924
auc: 0.3700645115118799
