train_time: 1.0168421268463135
predict_time: 0.0011370182037353516
accuracy: 0.14414414414414414
f1: 0.15270725980604877
precision: 0.1471329040539981
recall: 0.1628040890269151
auc: 0.43306696636096903
