train_time: 0.8911309242248535
predict_time: 0.0002028942108154297
accuracy: 0.5737704918032787
f1: 0.36335429769392036
precision: 0.29558574218330863
recall: 0.4749608763693271
auc: 0.5891144251127681
