train_time: 1.0102944374084473
predict_time: 8.535385131835938e-05
accuracy: 0.24324324324324326
f1: 0.20292664635234073
precision: 0.22233560090702947
recall: 0.26666666666666666
auc: 0.5071973709893236
