train_time: 3.1400840282440186
predict_time: 0.02896285057067871
accuracy: 0.35792349726775957
f1: 0.19626436781609194
precision: 0.1963109354413702
recall: 0.19658119658119658
auc: 0.644743693125306
