train_time: 1.6892318725585938
predict_time: 0.014587640762329102
accuracy: 0.10810810810810811
f1: 0.09451127819548873
precision: 0.0990995115995116
recall: 0.11220238095238094
auc: 0.373294085374161
